  2.435321809668598E+018
  9.702706028545642E+017
 -4.947806039594678E+017
 -1.505013855984575E+018
  3.054738923958510E+017
   611065443270456.     
  1.074868264374500E+035
  4.245634122450036E+034
  2.171715320529744E+035
  6.316323989228717E+035
 -4.307661138832501E+034
 -1.518818160248108E+034
 -2.835737708962154E+035
 -5.542346132095571E+034
 -2.503945490304768E+034
  1.999754751038436E+035
 -1.056755757170997E+053
 -1.770729170869174E+052
  9.844125515134708E+050
  2.525892614012246E+052
  1.299756381337415E+053
  1.904491205380028E+051
 -7.412183057906416E+051
  1.368440238202430E+051
 -6.426372056355743E+052
  2.976534143563339E+052
 -3.895154556080239E+051
  2.351229822641293E+052
  1.033182246343573E+052
  1.178971794497880E+052
 -9.172826328504379E+052
