    3  165
       -0.0812863951        0.1743074908        0.7977905962
        1.2059468721        0.0000000000        0.0000000000
        0.0000000000       -0.1253775315       -0.2486633197
        0.0000000000        0.0986241051       -0.1612591688
       -0.8292750623        0.0000000000        0.0000000000
        0.1320630744       -0.1555423847        0.1800885720
        0.0000000000        1.8793298686       -0.1147092272
       -0.8594287786       -1.2287052419        0.0000000000
        0.0000000000        0.2445230551        0.1390025672
        0.8952737368        0.0000000000       -0.6930545312
        0.9806208989        1.1855500832        0.0000000000
       -1.1223397341       -0.8794122969        0.0000000000
        0.0000000000        0.0000000000        0.0948182618
        0.2526895794        0.0000000000        0.0000000000
        0.0000000000       -0.1174167106        0.0000000000
        0.0000000000        0.0000000000       -0.2749475679
        0.0000000000        0.0000000000       -0.0633253897
       -0.2489076888        0.0000000000       -0.1707331832
        0.3546549426        0.0000000000       -0.0173377100
       -0.0130483220        0.0314844660        0.0000000000
        0.0000000000       -0.0066855429        0.0569182796
       -0.0188294032        0.0000000000       -1.7237874839
       -0.0242933401       -0.0358449581        0.0000000000
        0.5540519640        0.1417188352        0.0000000000
        0.0000000000        0.0225984488        0.0000000000
        0.0000000000        0.2340585729       -0.0395805697
        0.0318777252        0.0000000000        1.6668692043
       -0.5297586239        0.0000000000       -1.6272886346
       -0.0595982636        0.0616381824        0.0227583698
        0.0000000000        0.0000000000        0.0041402646
        0.0222566016       -0.0659986745        0.0000000000
        0.5129659592       -0.1211921203        0.0431551587
        0.0000000000        0.2270659973       -0.3061377863
        0.0000000000        0.0000000000        0.0222579885
        0.0000000000        0.0000000000       -0.1057472538
        0.0373416620        0.0043604921        0.0000000000
       -0.5352225607       -0.1058738771        0.0000000000
        0.4978808987        0.0595539379       -0.0659135285
        0.0000000000       -0.1610673228        0.2629826276
        0.0000000000        0.1015133850       -0.1970690992
        0.0000000000        0.0000000000        0.0000000000
        0.0305592697       -0.0040262597        0.0000000000
        0.0000000000        0.0000000000       -0.0146463637
        0.0000000000        0.0000000000        0.0000000000
        0.0304245128        0.0000000000        0.0000000000
       -0.0314928721       -0.0037818906        0.0000000000
        0.2881498938       -0.0797073747        0.0000000000
        0.0000000000        0.0000000000       -0.0159129059
        0.0000000000        0.0000000000       -0.2566570217
        0.0000000000        0.0000000000        0.0000000000
       -0.0263982531        0.0000000000        0.0000000000
        0.0834892653        0.0000000000        0.0000000000
        0.0009336024        0.0078081503        0.0000000000
       -0.2735035301        0.0492828618        0.0000000000
        0.2725699276       -0.0570910121        0.0000000000
