 PRINCIPAL MOMENTS OF INERTIA IN ATOMIC UNITS
     4022.3551963998     7527.5372851543    11549.8924815541
 NORMAL COORD QUADRATICS IN ATOMIC UNITS
    1    1    0.1535922749D-03
    2    2    0.1435741065D-03
    3    3    0.2973117966D-04

 FIRST DERIVATIVE OF THE L TENSOR :
 ROWS ARE INT COORDS AND COLUMNS ARE NORMAL COORDS

              1           2           3
   ------------------------------------------
    1    0.50392335 -0.50548716  0.29311870
    2    0.09173708  0.11236762 -0.57342059
    3    0.48200991 -0.31811331 -0.22682099

 SECOND DERIVATIVE OF THE L TENSOR 

              1           2           3           4           5           6
   ------------------------------------------------------------------------------
    1    0.29485807 -0.28338940  0.27297879 -0.14502287  0.12373960  0.47115926
    2    0.55098994  0.53836866  0.52636399  0.04580831  0.03638804  0.21777729
    3   -1.21105840  0.28482330 -0.10129401  0.35361862  0.81979595 -0.66652961

 THIRD DERIVATIVE OF THE L TENSOR 

              1           2           3           4           5           6           7           8           9          10
   ------------------------------------------------------------------------------------------------------------------------------
    1   -0.46501774  0.45344068 -0.44238242  0.43184814  0.06231331 -0.05486828  0.04703028 -0.15899561  0.17278040 -0.43221842
    2   -0.15819058 -0.16763322 -0.17659160 -0.18510553  0.32083260  0.31319824  0.30633821  0.03396330  0.01800596  0.39082101
    3    0.52124833 -0.92806577  0.42324364  0.64508947 -0.24886171 -0.62240635  0.86839552  0.13708947  0.47837674 -0.06735524
 ZETA MATRIX AXIS=    1
 NO. OF CONSTANTS    0
 ZETA MATRIX AXIS=    2
    2    1    0.1651244431D-01
    3    1    0.9998636603D+00
    3    2    0.2334544585D-05
 NO. OF CONSTANTS    3
 ZETA MATRIX AXIS=    3
 NO. OF CONSTANTS    0
 NORMAL COORDINATE CUBICS IN ATOMIC UNITS 
    1    1    1   -0.1196676066D-11
    2    1    1   -0.8914830018D-05
    2    2    1    0.1429201300D-11
    2    2    2   -0.2875316111D-05
    3    1    1    0.1546383783D-05
    3    2    1    0.2831203454D-12
    3    2    2    0.8731092104D-06
    3    3    1    0.6234956974D-11
    3    3    2    0.1235041700D-05
    3    3    3   -0.6660979633D-06
 NORMAL COORD QUARTICS IN ATOMIC UNITS 
    1    1    1    1   -0.7163752106D-07
    2    1    1    1   -0.7024808029D-13
    2    2    1    1    0.2259929951D-06
    2    2    2    1   -0.1450186297D-12
    2    2    2    2    0.1798954928D-07
    3    1    1    1   -0.3036075290D-12
    3    2    1    1   -0.1043559567D-05
    3    2    2    1   -0.1653096369D-12
    3    2    2    2   -0.4834866474D-06
    3    3    1    1   -0.2087100981D-06
    3    3    2    1   -0.7227691994D-12
    3    3    2    2   -0.4687977066D-06
    3    3    3    1    0.4086544853D-12
    3    3    3    2    0.1554745699D-06
    3    3    3    3    0.1792689137D-06
  INT CORD QUADRATIC FORCE CONSTANTS 
    1    1********************
    2    1********************
    2    2********************
    3    1********************
    3    2********************
    3    3********************
    6
  INT CORD CUBIC FORCE CONSTANTS 
    1    1    1********************
    2    1    1********************
    2    2    1********************
    2    2    2********************
    3    1    1********************
    3    2    1********************
    3    2    2********************
    3    3    1********************
    3    3    2********************
    3    3    3********************
   10
  INT CORD QUARTIC FORCE CONSTANTS 
    1    1    1    1********************
    2    1    1    1********************
    2    2    1    1********************
    2    2    2    1********************
    2    2    2    2********************
    3    1    1    1********************
    3    2    1    1********************
    3    2    2    1********************
    3    2    2    2********************
    3    3    1    1********************
    3    3    2    1********************
    3    3    2    2********************
    3    3    3    1********************
    3    3    3    2********************
    3    3    3    3********************
   15
