    3  495
       -2.3132479110       -6.1657630090       -2.4106800296
        2.4526866222        7.3424728265        0.0000000000
        0.0000000000        0.0000000000        0.0000000000
       -0.1161909957       -0.5581966809       -1.0319858670
        0.0000000000        0.0000000000        0.4552024869
        1.5072578651        4.9373065016        2.7745518023
       -1.5881880746        0.0000000000        0.0000000000
        0.0000000000        0.1040565245        0.5780824031
        0.0000000000       -3.5189423777       -4.5613040492
       -4.7227149303        0.0000000000        0.0000000000
       -0.1085031347        2.2776301648        9.2582814389
        0.0000000000        5.4853615779        7.2992202652
       -0.9547537599       -5.3765298153       -9.9387557121
        0.0000000000        0.0000000000        0.0000000000
        0.5675941136        1.0518538701        0.0000000000
       -5.5896137951       -0.5767903810        4.7752554978
        0.0000000000        0.0000000000       -0.6062983110
        3.9209046758        2.7279067729        0.0000000000
      -14.2188192944        6.6993046180        6.7346846561
       11.0528811978        0.0000000000        0.0000000000
       -1.0716895304       -2.7942171667       -7.4521359073
        0.0000000000       -0.4085975365       -3.9769492387
      -11.2591413828        0.0000000000        9.2421812047
       13.4274381656        0.0000000000        0.0000000000
        0.0000000000        0.0000000000        0.0739923347
        0.5741861708        1.0527081817        0.0000000000
        0.0000000000       -0.4507941858        0.0000000000
        0.0000000000        0.0000000000       -0.0794115166
       -0.6081110181        0.0000000000        0.0000000000
        0.0000000000        0.1132475754        0.0000000000
        0.0000000000        0.0000000000        0.0000000000
       -0.6234719630       -1.0470994692        0.0000000000
        0.0000000000        0.0000000000        0.6490887205
        0.0000000000        0.0000000000        0.0000000000
        1.0081457597        0.0000000000        0.0000000000
       -0.0565732069       -0.6024524487       -1.0651998625
        0.0000000000        0.0000000000        0.4748267144
        0.1012410334        0.6433087007        0.0000000000
       -1.4061715897        0.6740303286        1.0201527961
        0.0000000000       -0.3568840719       -0.8366216057
        0.0000000000        0.0000000000       -0.5228918089
        0.0000000000        0.0000000000        1.0457882831
        0.8059900459        1.2284565074       -0.3638717726
       -0.8644985475        0.0000000000        0.0000000000
        0.0000000000        0.0121344712       -0.0198857223
        0.0000000000        2.0116845126       -0.3760024524
        1.9481631281        0.0000000000        0.0000000000
        0.0044466102        1.2413122130       -4.6969773898
        0.0000000000       -7.7629917427       -1.7096064700
        1.5315441409        0.6012743175        0.0000000000
        0.0000000000        0.0387041975        1.6687091193
       -2.1511163919        0.0000000000       10.2979146185
       -3.9050874513        0.7174512512        0.0000000000
        3.2028147032       -5.2652319660        0.0000000000
        0.0000000000        0.0000000000        0.0054191819
        0.0339248472        0.0000000000        0.0000000000
        0.0000000000       -0.0338360588        0.0000000000
        0.0000000000        0.0000000000       -0.0256167574
        0.0000000000        0.0000000000       -0.0446678265
       -0.0408562520        0.0000000000        1.3049305564
       -0.3171462568        0.0000000000       -2.8176745585
       -0.8524540550       -1.5842913555        0.0000000000
        0.0000000000       -0.0165810814       -3.2529967256
        5.0729798422        0.0000000000        6.5216795297
        0.0408973508        0.6195722510        0.0000000000
      -11.9666237378        0.7022727481        0.0000000000
        0.0000000000        0.0284168769        0.0000000000
        0.0000000000       -1.2602627299        6.0706712841
       -4.2205257872        0.0000000000       -3.2686828042
       11.9257263870        0.0000000000       -2.8019884799
       -1.1334572561        3.3654337896        2.9238431932
        2.5962828856        0.0000000000        0.0000000000
        0.0000000000       -0.0093974327       -0.0198680030
        0.0000000000        0.6523072935       -2.1977614213
       -3.1870674232        0.0000000000        0.0000000000
        0.0282159079        0.6403993733        1.9948081574
        0.0000000000        4.9605378554       -5.7445508581
       -1.3581548408       -1.1141254857        0.0000000000
        0.0000000000        0.0198356604        3.3710075477
        2.6768804095        0.0000000000       -2.3193092364
       -2.7577354174        0.2062601851        0.0000000000
       -1.7900452974       -2.1682967828        0.0000000000
        0.0000000000        0.0000000000        0.0492857922
       -0.0056087125        0.0000000000        0.0000000000
        0.0000000000       -0.0409777024        0.0000000000
        0.0000000000        0.0000000000        0.0389537095
        0.0000000000        0.0000000000       -0.0715778799
        0.0450470664        0.0000000000       -0.2864246288
       -0.1835311904        0.0000000000        0.4811499626
       -1.1676723683        0.2632242300        0.0000000000
        0.0000000000       -0.0188184752       -1.2927066669
        0.2029532638        0.0000000000       -5.6009372287
        2.3735433104       -1.3187255687        0.0000000000
       -1.0516983113        4.5477807148        0.0000000000
        0.0000000000       -0.0083080898        0.0000000000
        0.0000000000        0.3580025087        0.8115567043
        0.9647191045        0.0000000000        6.8936438956
       -1.3218449991        0.0000000000       -7.7052005998
        2.3791170685       -1.5656883524       -1.4821573999
        0.0000000000        0.0000000000        0.0000323427
       -1.1732461264        0.5101870138        0.0000000000
        0.3245010789        4.1158902582        0.9078653006
        0.0000000000       -0.8868351121        1.9620365977
        0.0000000000        0.0000000000       -0.0333449970
        0.0000000000        0.0000000000        0.1384841240
       -1.2058709421        1.0555013386        0.0000000000
        0.8487450475       -3.2290551461        0.0000000000
        0.3571258946       -2.5502019059        0.5742920992
        0.0000000000        0.3766480984       -2.8699018984
        0.0000000000        2.1735538075        2.2956097991
        0.0000000000        0.0000000000        0.0000000000
        0.0000000000        0.0421986610       -0.0159894900
       -0.0207223146        0.0000000000        0.0000000000
       -0.0044083011        0.0000000000        0.0000000000
        0.0000000000       -0.0246450079        0.0300286149
        0.0000000000        0.0000000000        0.0000000000
       -0.0047444406        0.0000000000        0.0000000000
        0.0000000000        0.0000000000        0.0558778495
       -0.0047544009        0.0000000000        0.0000000000
        0.0000000000       -0.0427904094        0.0000000000
        0.0000000000        0.0000000000        0.0635437707
        0.0000000000        0.0000000000       -0.0174191278
        0.0282662779        0.0124916808        0.0000000000
        0.0000000000       -0.0240325286       -0.0218295168
       -0.0351976827        0.0000000000        1.2929240144
       -0.0505583656        0.0269466730        0.0000000000
       -0.2922046486       -0.1715241540        0.0000000000
        0.0000000000        0.0480650945        0.0000000000
        0.0000000000       -0.5228964742        0.0000000000
        0.0000000000        0.0000000000       -0.0175536531
       -0.0140391250        0.0000000000        0.0000000000
        0.0000000000        0.0293894486        0.0000000000
        0.0000000000        0.0000000000       -0.0130874400
        0.0000000000        0.0000000000        0.0392486446
        0.0069314047        0.0000000000       -1.2710944976
        0.3427630142        0.0000000000        0.0000000000
        0.0000000000       -0.0118357955        0.0000000000
        0.0000000000        1.2318458530        0.0000000000
        0.0000000000        0.0000000000        0.0000000000
       -0.0398883595        0.0254767155        0.0000000000
        0.0000000000        0.0000000000        0.0127617945
        0.0000000000        0.0000000000        0.0000000000
       -0.0587893698        0.0000000000        0.0000000000
        0.0222920877       -0.0394383539        0.0000000000
        0.3274023313        0.1445774809        0.0000000000
        0.0000000000        0.0000000000        0.0271265650
        0.0000000000        0.0000000000       -0.3496944189
        0.0000000000        0.0000000000        0.0000000000
        0.0333126543        0.0000000000        0.0000000000
       -0.1051391271        0.0000000000        0.0000000000
       -0.0247795332       -0.0122767880        0.0082306338
        0.0000000000        0.0000000000        0.0284408297
        0.0464745247        0.0051690678        0.0000000000
       -1.2881795737       -0.0053194839       -0.0221922721
        0.0000000000        0.3349950580        0.1079803832
        0.0000000000        0.0000000000       -0.0240325659
        0.0000000000        0.0000000000        0.4748313797
       -0.0216949915        0.0071077202        0.0000000000
        1.2417050490       -0.3296755742        0.0000000000
       -1.2200100575        0.0175962718        0.0139616383
        0.0000000000       -0.3401641258       -0.0857881111
        0.0000000000        0.3225678539        0.0718264728
        0.0000000000        0.0000000000       -0.0044082638
        0.0000000000        0.0000000000       -0.4507988137
        0.0000000000        0.0000000000        0.4552070775
