    3   18
        0.1560831647        0.1939618628        0.0000000000
       -0.1330311815       -0.1433988758        0.0000000000
       -0.0230519832       -0.0505629871        0.0000000000
        0.1939618628        0.4100350088        0.0000000000
       -0.2111839891       -0.4135865250        0.0000000000
        0.0172221263        0.0035515162        0.0000000000
        0.0000000000        0.0000000000        0.0000000000
        0.0000000000        0.0000000000        0.0000000000
        0.0000000000        0.0000000000        0.0000000000
       -0.1330311815       -0.2111839891        0.0000000000
        0.6103471247        0.0798685836        0.0000000000
       -0.4773159432        0.1313154056        0.0000000000
       -0.1433988758       -0.4135865250        0.0000000000
        0.0798685836        0.4828888130        0.0000000000
        0.0635302922       -0.0693022879        0.0000000000
        0.0000000000        0.0000000000        0.0000000000
        0.0000000000        0.0000000000        0.0000000000
        0.0000000000        0.0000000000        0.0000000000
       -0.0230519832        0.0172221263        0.0000000000
       -0.4773159432        0.0635302922        0.0000000000
        0.5003679264       -0.0807524185        0.0000000000
       -0.0505629871        0.0035515162        0.0000000000
        0.1313154056       -0.0693022879        0.0000000000
       -0.0807524185        0.0657507717        0.0000000000
        0.0000000000        0.0000000000        0.0000000000
        0.0000000000        0.0000000000        0.0000000000
        0.0000000000        0.0000000000        0.0000000000
