    3  165
        0.0000000000        0.2366970402        0.0000000000
       -0.8023486570        0.1803923884        0.0000000000
       -0.8916746917        0.0000000000       -0.6030781439
       -0.1713984776        0.0000000000       -0.2116956863
        0.0000000000       -0.1965752075        0.0000000000
        0.0000000000        0.0000000000        0.1834885248
        0.2070609203        0.0000000000       -0.2399028478
        0.0000000000        0.7473572427        0.0000000000
        0.9121769066        0.6314110182        0.2399028478
        0.0000000000        0.0000000000        0.0000000000
        0.0000000000       -0.7473572427       -0.9162194568
        0.0000000000        0.0000000000       -0.1746952820
        0.0000000000        0.8752150270        0.0000000000
        0.6078101990        0.1814388426        0.2070609203
        0.0000000000        0.0000000000       -0.4141218405
        0.0000000000       -0.9162194568       -0.6314110182
        0.0000000000        1.8324389136        0.0000000000
       -0.5842093798       -0.2015195727        0.0000000000
        0.0000000000        0.4030391454        0.0000000000
       -0.0250013539        0.0000000000        0.0161828191
        0.0000000000        0.0000000000        0.0000000000
        0.0282071615       -0.0104857128        0.0000000000
        0.0000000000        0.0000000000        0.0000000000
       -0.2399028478        0.0000000000       -0.0323656382
        0.0000000000        0.0000000000        0.2070609203
        0.0000000000        0.0000000000        0.0000000000
       -0.0032058076       -0.0056971064        0.0000000000
        0.2399028478       -0.1746952820        0.0000000000
        0.0032058076        0.0000000000        0.0549914143
        0.0000000000       -0.0205022149       -0.0283328743
       -0.0282071615        0.0000000000        0.0000000000
       -0.1834885248        0.0000000000       -0.0000000000
        0.0040425502        0.0000000000        0.7473572427
        0.0000000000        0.0410044298        0.0236008192
        0.0000000000       -0.9162194568        0.5842093798
        0.0250013539        0.0000000000        0.0000000000
        0.2116956863        0.0000000000        0.0000000000
       -0.2366970402        0.0000000000       -0.0549914143
        0.0164596647        0.0000000000       -0.7473572427
        0.8752150270        0.0000000000        0.8023486570
       -0.0056971064        0.0000000000        0.0164596647
        0.0000000000       -0.0047320551       -0.0100403650
       -0.0104857128        0.0000000000        0.0000000000
        0.2070609203        0.0000000000        0.0040425502
        0.0000000000        0.0000000000       -0.9162194568
        0.0000000000       -0.0236008192        0.0200807300
        0.0000000000        0.6314110182       -0.2015195727
        0.0161828191        0.0000000000        0.0000000000
       -0.1965752075        0.0000000000        0.0000000000
        0.1803923884        0.0000000000       -0.0205022149
        0.0047320551        0.0000000000        0.9121769066
       -0.6078101990        0.0000000000       -0.8916746917
        0.0000000000        0.0283328743       -0.0100403650
        0.0000000000       -0.6314110182        0.1814388426
        0.0000000000        0.6030781439       -0.1713984776
